1526338174.71	750	4.08	0.025	1034108	8	-0.10750000000000004
1526338201.48	750	4.08	13.828	2354772	13796	-58.71039999999999
1526338207.65	1850	2.362213364	1.974	957685	5635	-7.738199999999999
1526338208.28	750	5.58387426	0.0	350812	2	-0.3500000000000001
1526338214.51	4300	3.191118354	1.093	2160877	6047	-3.9498999999999995
1526338226.5	4300	0	0.0	2233056	11850	4.3
1526338227.03	300	0	0.0	126289	369	-3.7
1526338228.5	300	3.175675732	11.043	153295	1256	-47.184900000000006
1526338234.77	1850	0.863181762	3.565	1060487	6098	-15.0295
1526338235.89	300	3.84952345	0.569	150710	846	-3.6967
1526338236.57	300	7.154951122	0.0	139105	294	0.3
1526338237.74	750	9.97485188	0.0	353220	814	0.3
1526338237.95	1850	13.763888969	0.0	917428	4	0.75
1526338244.34	4300	12.455998234	0.0	2209463	6036	1.8499999999999996
1526338254.38	4300	10.053309299	0.0	2275376	9048	4.3
1526338259.15	1850	8.42464037	0.0	821631	4616	-0.6000000000000001
1526338259.25	300	12.325661464	0.0	138313	3	-1.25
1526338269.06	4300	9.573170808	0.0	2289689	6584	0.2999999999999998
1526338269.2	300	10.376970207	0.0	150616	6	-3.7
1526338272.41	1850	11.278547053	0.0	987708	2960	0.30000000000000004
1526338281.54	1850	6.088077914	0.0	923755	8932	1.85
1526338281.65	300	9.929571165	0.0	157671	2	-1.25
1526338294.46	4300	1.122759608	3.288	2176469	12654	-13.8384
1526338295.67	1850	3.917859753	0.481	968026	1048	-2.6683
1526338297.2	1850	6.370235375	0.0	874175	1403	1.85
1526338297.5	300	10.071473898	0.0	146754	163	-1.25
1526338301.11	1850	10.498287552	0.0	905935	3434	0.30000000000000004
1526338301.57	300	14.005801434	0.0	181901	318	-1.25
1526338301.85	300	17.720910258	0.0	111155	157	0.3
1526338302.68	750	20.896068597	0.0	400396	686	0.3
1526338305.43	1850	22.239415526	0.0	975811	2515	0.75
1526338311.04	1850	22.701526927	0.0	873429	5440	1.85
1526338316.71	1850	26.701526927	0.0	954453	5442	1.85
1526338320.72	1850	29.121484467	0.0	885062	3781	1.85
1526338324.39	1850	29.363612879	0.0	1035329	3532	1.85
1526338327.75	1850	29.995789539	0.0	1026056	3230	1.85
1526338332.29	1850	32.509137681	0.0	943942	1348	1.85
1526338341.65	4300	26.1124958	0.0	1919781	7182	1.8499999999999996
1526338349.78	4300	19.97640141	0.0	2147467	7946	4.3
1526338357.75	4300	17.317653389	0.0	2133870	7827	4.3
1526338367.39	4300	11.753062199	0.0	2146120	9422	4.3
1526338369.66	1850	13.488459821	0.0	858450	2046	-0.6000000000000001
1526338373.37	1850	13.71263539	0.0	1025005	3569	1.85
1526338377.75	1850	15.713563255	0.0	886255	4194	1.85
1526338380.38	1850	17.027151273	0.0	973972	2487	1.85
1526338384.2	1850	17.301442696	0.0	958994	3583	1.85
1526338386.23	1850	19.182474298	0.0	982064	1897	1.85
1526338390.08	1850	19.329017993	0.0	830730	3720	1.85
1526338398.49	1850	18.569839575	0.0	846370	5212	1.85
1526338402.04	4300	20.249839575	0.0	1433658	3390	1.8499999999999996

1526338402.35	750	4.08	0.009	668286	3	-0.03869999999999996
1526338410.33	4300	0.165104877	0.0	2123065	7783	0.75
1526338417.4	4300	0	0.0	2177073	6662	4.3
1526338422.24	1850	1.283614528	16.058	933276	4386	-69.6494
1526338423.14	300	4.429037096	0.0	163442	654	-1.25
1526338423.32	300	8.140881666	0.0	126289	2	0.3
1526338423.42	4300	12.041891326	0.0	2157535	6	0.2999999999999998
1526338423.53	4300	15.937912075	0.0	2290172	15	4.3
1526338430.8	4300	12.722952393	0.0	2055469	7075	4.3
1526338438.77	4300	8.70364574	0.0	2169201	7825	4.3
1526338438.92	300	12.551943201	0.0	141840	2	-3.7
1526338445.53	4300	9.991717968	0.0	2102452	6411	0.2999999999999998
1526338445.63	300	13.841292658	0.0	160746	5	-3.7
1526338452.27	1850	11.277111927	0.0	1036454	6418	0.30000000000000004
1526338452.36	1850	15.105128474	0.0	821631	2	1.85
1526338461.74	4300	12.782625329	0.0	2152483	6174	1.8499999999999996
1526338461.86	4300	13.609112722	0.0	2289689	7	4.3
1526338471.88	4300	7.588578766	0.0	2059512	9841	4.3
1526338474.39	4300	9.070556393	0.0	2220726	11	4.3
1526338474.5	4300	12.964857257	0.0	2156729	15	4.3
1526338474.6	4300	16.863765718	0.0	2039773	12	4.3
1526338474.7	4300	20.761991515	0.0	2176469	11	4.3
1526338474.81	4300	24.654756667	0.0	2221506	15	4.3
1526338474.91	4300	28.554885243	0.0	2044075	10	4.3
1526338475.02	4300	32.451885144	0.0	2186790	16	4.3
1526338475.12	4300	36.346407848	0.0	2105231	15	4.3
1526338475.22	4300	40.244552167	0.0	2395588	17	4.3
1526338475.32	4300	44.147531469	0.0	1972048	11	4.3
1526338475.42	4300	48.048132782	0.0	2134614	11	4.3
1526338475.54	4300	51.920198754	0.0	2164140	34	4.3
1526338486.33	4300	45.191743898	0.0	2113193	10599	4.3
1526338495.45	4300	40.015534112	0.0	2147852	8978	4.3
1526338495.55	1850	43.919004179	0.0	885062	1	-0.6000000000000001
1526338501.65	4300	41.901478592	0.0	2286761	5876	1.8499999999999996
1526338514.28	4300	42.671028087	0.0	2307787	12420	4.3
1526338514.38	1850	46.671028087	0.0	943942	1	-0.6000000000000001
1526338514.48	4300	50.671028087	0.0	1919781	4	1.8499999999999996
1526338514.58	4300	54.671028087	0.0	2147467	11	4.3
1526338514.68	4300	58.671028087	0.0	2133870	11	4.3
1526338540.22	4300	59.729267908	0.0	2146120	11	4.3
1526338545.68	4300	59.056303961	0.0	2108491	5278	4.3
